1 0.0286972 -0.00220299 0.0038557
1 -0.0597929 0.0165946 0.0141365
1 -0.0623609 -0.0201741 -0.0764574
1 0.0334568 -0.0262018 0.000705155
1 -0.0689458 -0.0221406 -0.0792614
1 0.0299117 -0.00824997 0.00134722
1 -0.072423 -0.019513 -0.0599936
1 0.0317796 -0.0104561 -5.80692e-05
1 0.0295821 -0.00607652 0.00201314
1 -0.000684428 0.136042 -0.00100578
1 -0.0843612 -0.023017 0.142578
1 0.0189136 -0.0117012 0.0118436
1 0.0312799 -0.0190733 0.00399647
1 -0.0680242 -0.0182592 -0.0609172
1 0.0335968 -0.0192407 0.00156106
1 -0.0806929 -0.0208536 0.0889033
1 0.0307341 -0.00886352 0.00158283
1 0.0308201 -0.0240582 0.000679042
1 0.0295949 -0.0242753 0.00265629
1 0.0325032 -0.00109 0.0021939
1 0.0319532 -0.024304 -0.000593484
1 0.0273464 0.00827521 -0.00147123
1 -0.0736389 -0.017605 0.0104883
1 0.0291004 -0.000511053 0.00215
1 -0.0722496 -0.0123884 0.00688944
1 -0.0751914 -0.0154202 -0.0247173
1 0.03335 -0.0109641 0.00145582
1 0.0322507 -0.00450375 0.00124866
1 -0.0815873 -0.0222203 -0.0865529
1 0.0150975 0.0414343 0.00258436
1 0.0313544 -0.0248903 -6.15245e-06
1 0.029875 -0.0167558 0.00248702
1 0.022739 -0.0194779 0.00834599
1 0.0244619 -0.0214551 -0.0042985
1 0.0312623 -0.00171226 0.000164077
1 0.0342745 -0.0234172 0.00201845
1 0.0294505 -0.0192408 0.00136605
1 0.0345306 -0.0226512 0.000983994
1 -0.0741268 -0.0198492 -0.0731217
1 0.0333746 -0.0203105 6.80791e-05
1 0.0307491 0.00699692 0.00162959
1 0.0343706 -0.0243974 -0.000981857
1 0.0337797 -0.0242394 0.000431537
1 0.0360471 -0.0193728 0.00136287
1 0.0303679 -0.0108714 0.000625104
1 0.0262963 -0.0136871 0.000897768
1 -0.0763587 -0.0216115 -0.0903232
1 0.0323197 -0.0236472 0.000225377
1 -0.0291805 -0.0188816 -0.0391655
1 0.0178478 -0.00872025 0.00512709
1 0.0306701 -0.0171263 0.00214783
1 0.0330178 -0.0194562 -0.000174891
1 0.032781 -0.0272868 -0.00106668
1 0.0345014 -0.0272024 -0.00194578
1 -0.00621847 0.0101099 0.0017493
1 0.0317259 -0.00521356 0.00232171
1 0.0279206 0.00930257 0.00186949
1 -0.0546445 0.0223661 0.0002246
1 -0.00201686 -0.00867913 -0.0249853
1 0.0317794 -0.0243091 0.00154735
1 -0.0772284 -0.0222162 -0.0135236
1 0.0290798 -0.0219938 -0.000287143
1 0.0287422 -0.0197795 -0.00247112
1 -0.0762718 -0.0195804 0.134043
1 0.0307896 -0.00540562 0.00225894
1 0.024154 -0.00926142 0.0112537
1 -0.0022455 0.141341 0.00146037
1 0.0220427 0.0259766 -0.000321073
1 0.0322693 -0.0212665 0.00101547
1 0.0364373 -0.0247829 -0.000217279
1 0.0283019 -0.0143017 0.00398933
1 0.0266526 0.00872816 0.0015228
1 0.0326467 -0.0189217 0.00134532
1 0.0156382 0.0461021 -0.00127532
1 -0.0782376 -0.020504 -0.0818569
1 -0.0277194 -0.0175032 0.00281545
1 0.0322462 -0.0230149 -0.00117402
1 0.0309294 -0.0193797 0.0023495
1 0.0321405 -0.0146287 0.00236885
1 0.0333782 -0.0207368 -0.000420734
1 0.0319577 -0.0175164 -0.000403663
1 -0.0750334 -0.0198958 -0.0767418
1 0.032134 -0.00190032 0.00138006
1 -0.0750858 -0.0213046 -0.0754844
1 0.0324999 -0.0131809 0.0028937
1 0.0334263 -0.0244833 -0.000277216
1 0.031578 -0.0238118 -0.00109357
1 0.0340851 -0.0191624 0.00131456
1 0.0338969 -0.0223921 0.00250304
1 -0.00342835 0.137222 0.000795804
1 -0.0783022 -0.0210136 -0.0827838
1 -0.00479122 0.12451 0.00111886
1 -0.0155421 0.00729213 -0.0354531
1 -0.0730427 -0.0184557 -0.072738
1 0.0312211 -0.0252314 -0.000700405
1 0.0336303 -0.0188513 0.00212319
1 0.0353402 -0.0237739 0.00112565
1 -0.083874 -0.0224737 0.185963
1 -0.0806315 -0.0220052 0.164644
1 0.0301174 -0.0178398 0.00302901
1 0.0198003 0.0312767 -0.000898632
1 0.00705462 0.032452 -0.0105182
1 0.0305196 -0.0185251 0.00289256
1 0.0195025 -0.00786369 0.0235676
1 0.0309769 -0.0190946 0.004103
1 -0.0823089 -0.0208199 0.155923
1 -0.0827443 -0.0215934 0.169976
1 0.0331139 -0.0127548 0.000467355
1 0.0254729 -0.0224238 0.0102256
1 0.0340512 -0.0229238 0.0013454
1 0.0312543 -0.00990858 0.000483823
1 0.0349495 -0.0179306 0.000750542
1 0.0343693 -0.0262505 0.000606434
1 -0.0791571 -0.0171325 0.109889
1 0.0320913 0.00495097 0.00181544
1 -0.0806992 -0.0219171 0.167356
1 0.0304355 -0.0190001 -0.000559125
1 -0.0815974 -0.0226924 0.0982775
1 -0.0117683 0.121176 0.00280965
1 -0.0623756 0.0105235 0.0163049
1 -0.0775836 -0.0230349 -0.0929131
1 -0.0731454 -0.0233142 -0.0144932
1 -0.072515 -0.0231517 -0.0115246
1 -0.0745673 -0.0231187 -0.00576522
1 -0.0847785 -0.0240047 0.0790834
1 -0.0819682 -0.0211923 0.166696
1 0.0298307 -0.0231815 -0.00461864
1 0.0107442 0.0357409 -0.0115221
1 -0.0812026 -0.0225058 0.0681489
1 0.0343064 -0.021421 0.000695506
1 0.0332201 -0.0221857 0.00100766
1 -0.0762344 -0.0183509 0.0152733
1 0.0273078 -0.0159237 0.00384343
1 0.0312049 -0.0201924 0.00244498
1 0.031458 -0.0209014 0.000191854
1 0.0336295 -0.0192027 0.000244243
1 0.0314096 -0.0185724 0.00290809
1 0.0319946 -0.0155911 0.000687898
1 0.0307803 -0.0184872 0.00240419
1 0.0128397 -0.0223914 -0.00413498
1 0.0317114 -0.0241311 -0.0032177
1 0.0255847 -0.021777 0.00626298
1 0.0333684 -0.016118 0.00325637
1 -0.0612817 0.016177 0.0230034
1 0.0128164 -0.0228418 0.00439577
1 0.0192928 -0.0202991 -0.00790247
1 0.0294462 -0.0166533 0.00394288
1 0.0243954 -0.00607859 0.00490444
1 0.0311635 -0.0093545 0.00358986
1 -0.0822273 -0.0217267 0.173276
1 0.0251799 0.0134517 0.00215782
1 -0.0829874 -0.0222605 0.176716
1 0.0268629 -0.0176869 0.00203091
1 0.0318067 -0.0211528 -0.000265567
1 0.0326323 -0.0256095 0.00177512
1 0.032626 -0.0230243 -0.00126396
1 0.0336703 -0.0259749 -1.44284e-05
1 0.0325271 -0.0197503 0.00234506
1 0.0323025 -0.0211861 0.0014256
1 -0.0385 -0.0238617 -0.0636213
1 0.0272304 -0.0197546 0.00205943
1 -0.0829706 -0.0215077 0.166281
1 -0.00975204 -0.0207146 -0.0221827
1 -0.0757623 -0.0213062 -0.0825861
1 0.0345652 -0.0201753 0.00136716
1 0.0310279 0.00788952 0.00108699
1 0.0343605 -0.0241379 -0.000240596
1 0.0249534 -0.00427949 0.00610749
1 0.0344486 -0.0206573 -0.000773726
1 -0.0816792 -0.0222591 0.175127
1 -0.0825692 -0.0218355 0.173853
1 -0.0798771 -0.0203965 -0.0683397
1 -0.0773557 -0.0207555 -0.0907238
1 -0.0776038 -0.0216617 -0.0854666
1 -0.00260472 0.147688 0.0011539
1 -0.00132729 0.144094 0.000412437
1 0.0358969 -0.0200104 -0.000391677
1 0.0269357 0.00618108 0.00147804
1 0.0322665 -0.00638226 0.000612952
1 0.0299193 0.00207966 -0.000238092
1 0.017374 0.0434391 -0.00186188
1 -0.0822834 -0.0215649 0.167599
1 0.0314986 -0.0244787 -0.000798498
1 -0.0795637 -0.023909 -0.090104
1 -0.0841422 -0.0231531 -0.0935534
1 -0.0145171 0.127142 0.00116723
1 -0.0808071 -0.0229772 -0.0730173
1 -0.00320763 0.138016 -0.00128132
1 -0.0264074 -0.0235857 -0.0345523
1 -0.00575095 -0.0207823 -0.0175023
1 -0.0711311 -0.0183973 -0.0714317
1 -0.0734726 -0.0189026 -0.0590771
1 -0.0725991 -0.0188893 -0.0660419
1 0.035229 -0.0204337 -0.000601291
1 -0.0711338 -0.0189972 -0.0665993
1 -0.0695461 -0.018256 -0.0688436
1 -0.0720412 -0.0190112 -0.0638204
1 -0.071342 -0.0185484 -0.0691539
1 -0.0730584 -0.0210717 -0.0690443
1 -0.0626043 -0.0192147 -0.0581735
1 0.0312543 -0.0235398 -0.000896819
1 0.0304619 -0.0204663 0.000512045
1 -0.0808771 -0.0194749 0.140235
1 -0.0811455 -0.0202 0.149828
1 0.0323282 -0.0220993 -9.60433e-05
1 -0.00229627 0.143563 -0.00105564
1 -0.0758252 -0.0176941 -0.0264841
1 0.0172872 0.0363986 -0.00141511
1 0.0280479 0.00573707 -0.00196752
1 0.0351547 -0.00898625 -0.00061302
1 -0.0522024 0.0307402 6.90935e-05
1 -0.0525435 -0.0179281 -0.00598544
1 -0.0750274 -0.0168501 -0.00553113
1 -9.65276e-05 0.0941102 -0.00318695
1 0.0330879 -0.0140571 0.00215141
1 0.0034079 0.0839167 -0.00534593
1 0.00105158 0.0903253 -0.00250186
1 -0.0748875 -0.0153237 -0.00875784
1 -0.0759299 -0.0169226 -0.0164083
1 0.00247413 0.0500631 -0.00430996
1 0.0332756 -0.0244222 -0.000103222
1 0.0340751 -0.0239548 0.000918598
1 0.0352658 -0.0239027 0.000398371
1 0.0340802 -0.0244822 0.000613699
1 0.0323042 -0.0232018 0.00190041
1 -0.000350463 0.13296 -0.00281607
1 -0.080517 -0.0205649 -0.0647969
1 0.0325545 -0.0228948 -0.00142344
1 0.0318546 -0.023972 -0.00083567
1 0.0354912 -0.0211166 0.000289647
1 0.0330747 -0.0227208 -0.000349049
1 -0.0740785 -0.0189062 -0.06585
1 0.0256285 -0.0219019 -0.00444584
1 -0.0745147 -0.0191542 -0.0745313
1 -0.0744854 -0.0197615 -0.0711377
1 0.000440686 0.145753 5.29459e-05
1 0.0288371 -0.00556114 0.00301379
1 0.0298396 -0.00763879 0.00245039
1 0.00194925 0.144027 -0.00181568
1 0.0295919 1.3396e-05 0.00273727
1 0.0201392 0.0554883 0.00245964
1 0.0335228 -0.00399273 -0.000865873
1 0.033257 -0.02448 -4.91435e-05
1 -0.0717693 -0.0203932 -0.0622008
1 0.00132314 0.145593 0.000147427
1 -0.000619488 0.143146 0.000255122
1 0.00571306 0.141027 0.000187435
1 -0.0433354 0.0474721 -0.00475916
1 0.00105845 0.134945 -0.000750645
1 -0.0282615 0.0562899 -0.00565797
1 -0.0244821 0.0829126 -0.00269455
1 0.0156059 0.0697511 -0.00237474
1 0.000348695 0.138637 -0.00324849
1 0.0296495 0.00683283 0.00215342
1 0.00175066 0.147658 -0.00148174
1 -0.0505747 0.0402255 -0.0166534
1 -0.0506979 0.039338 -0.0150386
1 0.0327618 -0.0187276 0.000509327
1 0.0353045 -0.0247747 -0.000727021
1 0.0342938 -0.0209164 -0.000837644
1 0.0356746 -0.0209384 -0.00025545
1 0.0313298 -0.0251858 0.00269905
1 0.0198927 -0.0195224 -0.00852156
1 -0.0844213 -0.0226654 -0.0912873
1 -0.0833055 -0.0230471 -0.0800215
1 -0.0822808 -0.0233147 -0.0873509
1 -0.00184947 0.141188 0.00299436
1 0.0338974 -0.0174968 0.00130963
1 0.00328689 0.119444 0.00295534
1 0.035781 -0.0206142 0.000770593
1 0.030535 -0.00893914 0.00208956
1 -0.0793471 -0.020394 -0.0833294
1 0.0316597 -0.0134194 0.00239253
1 0.00126246 0.116821 0.00672841
1 0.00115589 0.0905365 0.00629689
1 -0.0741075 -0.0183143 0.00239649
1 0.0318184 -0.013923 4.13475e-05
1 0.0288502 -0.0220818 0.00411716
1 -0.00496319 0.1391 0.00345991
1 0.000675953 0.140508 0.000189442
1 0.0293756 -0.0230047 0.00342146
1 0.0246075 -0.0216783 -0.00222024
1 0.0320788 -0.0227113 0.000398976
1 0.0252886 -0.0231289 0.00314565
1 0.0313876 -0.0220056 0.000998622
1 0.0350402 -0.0244048 -0.0010081
1 0.0330388 -0.018223 0.000499401
1 0.0319436 -0.0179436 0.00299991
1 0.0250222 0.0239447 0.000802178
1 0.0308011 0.000993194 0.0028094
1 0.00172399 0.119749 0.0050342
1 0.033843 -0.00858814 0.000621405
1 0.0296673 -0.00500727 0.00362294
1 0.0306937 -0.0107156 0.00292436
1 0.0330849 -0.00704349 0.00104474
1 0.0292143 -0.00504385 0.00148879
1 0.0330368 -0.00700949 0.00133685
1 0.0318922 -0.00998845 0.00145758
1 -0.000769813 0.107904 0.000381576
1 0.0303115 -0.00980655 0.00111955
1 -0.0737223 -0.018318 0.154911
1 -0.0750922 -0.0191624 -0.0632649
1 0.0290085 -0.0115505 0.00138244
1 0.00352588 -0.0156485 -0.0104375
1 0.0340898 -0.0145158 0.00109191
1 0.0344592 -0.0172107 -0.000637224
1 0.00161826 0.140316 0.0017194
1 0.00907864 0.107723 -0.00181279
1 0.00545815 0.115848 0.00383985
1 0.031526 -0.00799359 0.00116689
1 0.0221534 -0.0039067 -0.00196816
1 -0.0550115 0.0224656 -0.00397834
1 -0.0016983 0.135295 -0.0031424
1 0.025575 0.00660211 0.00162633
1 0.0332966 -0.00987199 0.000825565
1 0.0282305 -0.00364592 0.00317236
1 0.0329142 -0.0214313 0.000904856
1 0.0316137 -0.0160732 0.00174216
1 0.0341902 -0.0186422 -9.96243e-05
1 -0.0749187 -0.0185297 -0.0564909
1 0.0319908 -0.0245069 0.000388944
1 0.0010775 0.143427 -0.00160926
1 0.0329932 -0.0123991 0.000240134
1 0.0338585 -0.0239034 0.00111989
1 0.0308954 -0.0191306 -0.000998562
1 0.0293132 -0.00191778 0.0025816
1 0.0330016 -0.0214491 0.00123258
1 0.0294479 -0.0197394 -0.0023542
1 0.00142712 0.13846 -0.0017211
1 -0.0465461 0.0299801 0.000134714
1 0.00408205 0.121294 0.000882109
1 0.0343787 -0.0107475 0.00104605
1 0.0334358 -0.00872198 0.00154372
1 -0.0471181 0.0193639 0.00475824
1 0.0326202 -0.00763121 -0.00056928
1 0.00402108 0.00393574 3.17848e-05
1 0.0311666 -0.0132853 0.00249094
1 -0.0532817 0.0291002 -0.00654783
1 -0.0829194 -0.0211345 -0.0897585
1 0.0343448 -0.0234306 0.000164696
1 0.0348346 -0.0226004 -0.000500917
1 0.0302504 -0.0198144 -0.00166747
1 0.0344344 -0.0258473 -0.000274951
1 0.0326037 -0.00602594 0.00143072
1 -0.0232288 0.101625 0.00534138
1 -0.0129101 0.0257292 -0.00489934
1 0.0267245 0.00961038 0.00157063
1 0.0276502 -0.00244722 0.00211651
1 -0.0794976 -0.0185903 -0.0854979
1 0.0183668 0.0469307 0.00118269
1 -0.0809771 -0.0221274 -0.0878607
1 -0.0807163 -0.0242131 -0.0936832
1 -0.0775452 -0.0223238 -0.0872534
1 0.0315151 -0.00214995 0.000418847
1 0.0279333 0.0115885 -0.000116603
1 -0.00515307 0.134881 0.000919123
1 0.00111268 0.146655 0.00196396
1 0.0297389 0.0191258 0.0011897
1 0.027231 -0.020817 0.00175363
1 0.0327281 -0.0161513 -0.0010511
1 -0.0773742 -0.0224422 -0.0862735
1 0.0304799 -0.00858784 -0.0020601
1 0.0284013 0.00524715 0.000851329
1 0.0291927 -0.0181247 0.00227386
1 -0.0757426 -0.019673 0.133276
1 0.0290275 -0.0240493 0.00615117
1 0.0328716 -0.0116753 -0.000136275
1 -0.00469144 0.139202 0.00082785
1 -7.21005e-05 0.133052 -0.00154957
1 0.0338282 -0.0179729 0.000311933
1 0.0342885 -0.022609 0.00106235
1 -0.0492771 0.0250668 -0.00317275
1 -0.0472919 0.0336511 -0.00305186
1 0.0335952 -0.00574235 -0.000402722
1 -0.0765457 -0.0192483 0.13
1 0.0195151 0.0562596 -0.00128388
1 0.030785 -0.0163902 0.00496199
1 0.0335008 -0.0245827 0.000268513
1 0.0359474 -0.026276 -0.000710665
1 0.0347336 -0.0254751 -0.000967948
1 0.0361052 -0.023749 -0.00068384
1 0.034433 -0.0239832 -0.000927553
1 0.0303052 -0.0221694 0.000689868
1 0.0354307 -0.0225915 -0.00140524
1 0.0295941 -0.0213976 0.00544226
1 -0.000815 -0.017921 -0.00293747
1 0.0364749 -0.0238213 0.00106695
1 0.0344758 -0.0201122 0.00106106
1 0.0342278 -0.0180751 -0.00146352
1 0.0329407 -0.0206103 0.00101411
1 0.0368377 -0.0235987 0.00152852
1 0.0307879 -0.0201173 0.000669845
1 0.0307092 -0.0214796 0.00274977
1 0.0317644 -0.022405 0.000751309
1 0.0332586 -0.0180893 0.00272962
1 0.0356386 -0.0211074 0.00256559
1 0.0313173 0.0118288 -0.00135412
1 -0.0474581 0.0324529 0.0002423
1 0.00725252 0.0733697 -0.00162579
1 0.0265296 -0.0233654 -0.00154005
1 0.0317773 -0.0231698 -0.000540075
1 0.0298773 0.0108301 -0.000894144
1 0.0264498 0.020989 -0.000921298
1 0.0327589 -0.0226474 0.0035571
1 0.0329098 -0.0180928 0.00179263
1 0.0335319 -0.0202067 0.0017304
1 0.0334015 -0.0231343 -0.0012492
1 0.0317316 -0.00137355 -0.000336649
1 -0.0488501 0.0334369 -0.00309631
1 0.0331904 -0.0234135 0.000469405
1 0.0331749 -0.0244401 0.000457243
1 -0.0795096 -0.0206407 -0.0660265
1 0.0327478 -0.0180598 0.00138329
1 0.0306067 -0.0194433 0.00244758
1 0.0289736 -0.0194881 0.001787
1 0.0333729 -0.0180322 0.00025832
1 0.0325908 -0.0190373 0.00299096
1 -0.000737965 0.13669 -0.000150601
1 0.0272677 -0.0162395 0.000101957
1 -0.0784062 -0.0194069 0.0145287
1 0.0322385 -0.0253036 0.00050784
1 0.0327449 -0.0241912 3.19524e-06
1 -0.0769223 -0.0224541 -0.095403
1 0.0308084 -0.0187276 0.00390756
1 0.0304559 -0.0162626 -0.00020554
1 0.0254181 0.00677426 0.000590504
1 0.0346563 -0.0247633 -0.000467699
1 -0.0779654 -0.0191375 0.0230328
1 -0.0786252 -0.0193432 0.0171812
1 0.0320837 -0.0197636 0.000122872
1 0.0332642 -0.0204536 0.00128739
1 0.0330995 -0.0167466 -5.41012e-05
1 0.0318869 -0.0195312 0.000245449
1 0.0331571 -0.0251188 6.68973e-05
1 0.00192219 0.146247 0.00110307
1 0.0322313 -0.0205608 0.00187195
1 -0.0833467 -0.0223662 0.184054
1 0.0331144 -0.0251051 -0.00161414
1 -0.0776934 -0.0220949 -0.0869422
1 0.0293169 -0.0198816 0.00121182
1 0.0345288 -0.0242646 0.00244982
1 0.0348964 -0.0250365 0.000685758
1 -0.0807036 -0.0194809 0.152031
1 0.0297078 -0.022311 0.00430104
1 0.0256698 -0.0191738 0.00702466
1 0.0221542 -0.0138328 0.00724701
1 -0.0828694 -0.0233374 -0.0955781
1 0.0359099 -0.0224603 0.00107441
1 0.0267283 -0.0220306 -0.00193585
1 0.0336134 -0.0185925 -0.000413172
1 -0.0771268 -0.0186452 0.00475496
1 0.0354182 -0.0232876 0.000838359
1 0.0328001 -0.0241301 4.72736e-05
1 0.0305997 -0.017979 -5.07222e-05
1 -0.0756093 -0.022296 -0.0856753
1 0.0291382 -0.0212954 0.00193629
1 -0.0773423 -0.022358 0.159866
1 0.00316447 0.109719 -0.00270997
1 0.0258462 -0.017774 0.0053549
1 0.0361744 -0.0244161 -0.00101733
1 -0.0775348 -0.0168587 0.0912355
1 0.0351148 -0.0241378 0.000334377
1 0.0309566 -0.0245834 -0.00363684
1 0.0339414 -0.0219557 -0.000656778
1 -0.0767007 -0.0193231 -0.00083864
1 0.0323456 -0.0240056 -0.000999881
1 -0.000221857 0.135393 -0.00313404
1 0.0337637 -0.0238947 -0.000318325
1 -0.0753057 -0.0212024 -0.0868157
1 0.0296794 -0.0248613 0.0022644
1 0.0193965 -0.014132 0.00860389
1 0.032559 -0.0194169 -0.000240666
1 0.0318378 -0.0162429 0.00110481
1 -0.0777248 -0.0192774 0.0193204
1 0.0310648 -0.0164715 0.000770789
1 0.030405 -0.0180505 -0.000740688
1 -0.0804186 -0.0192493 0.143697
1 -0.0762486 -0.0192989 0.000565171
1 0.0341166 -0.0239424 -0.000303829
1 0.0295258 -0.0209819 0.00188141
1 0.0317553 -0.0243741 -0.000661746
1 -0.0797426 -0.0189551 0.0111213
1 -0.0780086 -0.0210182 -0.0877402
1 0.0327075 -0.0239243 0.000150792
1 0.0317753 -0.0209591 0.000440603
1 0.0338843 -0.0216383 -0.00041011
1 0.0341152 -0.0157083 0.00069236
1 0.0333394 -0.0177261 0.000177268
1 -0.0777602 -0.0197828 -0.0735863
1 -0.0798666 -0.0235606 -0.0944573
1 0.0322515 -0.0140313 0.00188349
1 0.0226028 0.0380843 -0.00178723
1 0.0321971 -0.018278 -0.000174248
1 0.0268459 -0.0158506 -0.00226723
1 -0.0796077 -0.0196038 0.0166466
1 0.0336313 -0.0227969 0.000254745
1 0.0292976 -0.0220737 0.00094279
1 0.0273574 -0.0130363 -0.00119064
1 -0.0778207 -0.0184545 0.00992978
1 -0.0726245 -0.019089 -0.00107965
