1 0.0286972 -0.00220299
1 -0.0597929 0.0165946
1 -0.0623609 -0.0201741
1 0.0334568 -0.0262018
1 -0.0689458 -0.0221406
1 0.0299117 -0.00824997
1 -0.072423 -0.019513
1 0.0317796 -0.0104561
1 0.0295821 -0.00607652
1 -0.000684428 0.136042
1 -0.0843612 -0.023017
1 0.0189136 -0.0117012
1 0.0312799 -0.0190733
1 -0.0680242 -0.0182592
1 0.0335968 -0.0192407
1 -0.0806929 -0.0208536
1 0.0307341 -0.00886352
1 0.0308201 -0.0240582
1 0.0295949 -0.0242753
1 0.0325032 -0.00109
1 0.0319532 -0.024304
1 0.0273464 0.00827521
1 -0.0736389 -0.017605
1 0.0291004 -0.000511053
1 -0.0722496 -0.0123884
1 -0.0751914 -0.0154202
1 0.03335 -0.0109641
1 0.0322507 -0.00450375
1 -0.0815873 -0.0222203
1 0.0150975 0.0414343
1 0.0313544 -0.0248903
1 0.029875 -0.0167558
1 0.022739 -0.0194779
1 0.0244619 -0.0214551
1 0.0312623 -0.00171226
1 0.0342745 -0.0234172
1 0.0294505 -0.0192408
1 0.0345306 -0.0226512
1 -0.0741268 -0.0198492
1 0.0333746 -0.0203105
1 0.0307491 0.00699692
1 0.0343706 -0.0243974
1 0.0337797 -0.0242394
1 0.0360471 -0.0193728
1 0.0303679 -0.0108714
1 0.0262963 -0.0136871
1 -0.0763587 -0.0216115
1 0.0323197 -0.0236472
1 -0.0291805 -0.0188816
1 0.0178478 -0.00872025
1 0.0306701 -0.0171263
1 0.0330178 -0.0194562
1 0.032781 -0.0272868
1 0.0345014 -0.0272024
1 -0.00621847 0.0101099
1 0.0317259 -0.00521356
1 0.0279206 0.00930257
1 -0.0546445 0.0223661
1 -0.00201686 -0.00867913
1 0.0317794 -0.0243091
1 -0.0772284 -0.0222162
1 0.0290798 -0.0219938
1 0.0287422 -0.0197795
1 -0.0762718 -0.0195804
1 0.0307896 -0.00540562
1 0.024154 -0.00926142
1 -0.0022455 0.141341
1 0.0220427 0.0259766
1 0.0322693 -0.0212665
1 0.0364373 -0.0247829
1 0.0283019 -0.0143017
1 0.0266526 0.00872816
1 0.0326467 -0.0189217
1 0.0156382 0.0461021
1 -0.0782376 -0.020504
1 -0.0277194 -0.0175032
1 0.0322462 -0.0230149
1 0.0309294 -0.0193797
1 0.0321405 -0.0146287
1 0.0333782 -0.0207368
1 0.0319577 -0.0175164
1 -0.0750334 -0.0198958
1 0.032134 -0.00190032
1 -0.0750858 -0.0213046
1 0.0324999 -0.0131809
1 0.0334263 -0.0244833
1 0.031578 -0.0238118
1 0.0340851 -0.0191624
1 0.0338969 -0.0223921
1 -0.00342835 0.137222
1 -0.0783022 -0.0210136
1 -0.00479122 0.12451
1 -0.0155421 0.00729213
1 -0.0730427 -0.0184557
1 0.0312211 -0.0252314
1 0.0336303 -0.0188513
1 0.0353402 -0.0237739
1 -0.083874 -0.0224737
1 -0.0806315 -0.0220052
1 0.0301174 -0.0178398
1 0.0198003 0.0312767
1 0.00705462 0.032452
1 0.0305196 -0.0185251
1 0.0195025 -0.00786369
1 0.0309769 -0.0190946
1 -0.0823089 -0.0208199
1 -0.0827443 -0.0215934
1 0.0331139 -0.0127548
1 0.0254729 -0.0224238
1 0.0340512 -0.0229238
1 0.0312543 -0.00990858
1 0.0349495 -0.0179306
1 0.0343693 -0.0262505
1 -0.0791571 -0.0171325
1 0.0320913 0.00495097
1 -0.0806992 -0.0219171
1 0.0304355 -0.0190001
1 -0.0815974 -0.0226924
1 -0.0117683 0.121176
1 -0.0623756 0.0105235
1 -0.0775836 -0.0230349
1 -0.0731454 -0.0233142
1 -0.072515 -0.0231517
1 -0.0745673 -0.0231187
1 -0.0847785 -0.0240047
1 -0.0819682 -0.0211923
1 0.0298307 -0.0231815
1 0.0107442 0.0357409
1 -0.0812026 -0.0225058
1 0.0343064 -0.021421
1 0.0332201 -0.0221857
1 -0.0762344 -0.0183509
1 0.0273078 -0.0159237
1 0.0312049 -0.0201924
1 0.031458 -0.0209014
1 0.0336295 -0.0192027
1 0.0314096 -0.0185724
1 0.0319946 -0.0155911
1 0.0307803 -0.0184872
1 0.0128397 -0.0223914
1 0.0317114 -0.0241311
1 0.0255847 -0.021777
1 0.0333684 -0.016118
1 -0.0612817 0.016177
1 0.0128164 -0.0228418
1 0.0192928 -0.0202991
1 0.0294462 -0.0166533
1 0.0243954 -0.00607859
1 0.0311635 -0.0093545
1 -0.0822273 -0.0217267
1 0.0251799 0.0134517
1 -0.0829874 -0.0222605
1 0.0268629 -0.0176869
1 0.0318067 -0.0211528
1 0.0326323 -0.0256095
1 0.032626 -0.0230243
1 0.0336703 -0.0259749
1 0.0325271 -0.0197503
1 0.0323025 -0.0211861
1 -0.0385 -0.0238617
1 0.0272304 -0.0197546
1 -0.0829706 -0.0215077
1 -0.00975204 -0.0207146
1 -0.0757623 -0.0213062
1 0.0345652 -0.0201753
1 0.0310279 0.00788952
1 0.0343605 -0.0241379
1 0.0249534 -0.00427949
1 0.0344486 -0.0206573
1 -0.0816792 -0.0222591
1 -0.0825692 -0.0218355
1 -0.0798771 -0.0203965
1 -0.0773557 -0.0207555
1 -0.0776038 -0.0216617
1 -0.00260472 0.147688
1 -0.00132729 0.144094
1 0.0358969 -0.0200104
1 0.0269357 0.00618108
1 0.0322665 -0.00638226
1 0.0299193 0.00207966
1 0.017374 0.0434391
1 -0.0822834 -0.0215649
1 0.0314986 -0.0244787
1 -0.0795637 -0.023909
1 -0.0841422 -0.0231531
1 -0.0145171 0.127142
1 -0.0808071 -0.0229772
1 -0.00320763 0.138016
1 -0.0264074 -0.0235857
1 -0.00575095 -0.0207823
1 -0.0711311 -0.0183973
1 -0.0734726 -0.0189026
1 -0.0725991 -0.0188893
1 0.035229 -0.0204337
1 -0.0711338 -0.0189972
1 -0.0695461 -0.018256
1 -0.0720412 -0.0190112
1 -0.071342 -0.0185484
1 -0.0730584 -0.0210717
1 -0.0626043 -0.0192147
1 0.0312543 -0.0235398
1 0.0304619 -0.0204663
1 -0.0808771 -0.0194749
1 -0.0811455 -0.0202
1 0.0323282 -0.0220993
1 -0.00229627 0.143563
1 -0.0758252 -0.0176941
1 0.0172872 0.0363986
1 0.0280479 0.00573707
1 0.0351547 -0.00898625
1 -0.0522024 0.0307402
1 -0.0525435 -0.0179281
1 -0.0750274 -0.0168501
1 -9.65276e-05 0.0941102
1 0.0330879 -0.0140571
1 0.0034079 0.0839167
1 0.00105158 0.0903253
1 -0.0748875 -0.0153237
1 -0.0759299 -0.0169226
1 0.00247413 0.0500631
1 0.0332756 -0.0244222
1 0.0340751 -0.0239548
1 0.0352658 -0.0239027
1 0.0340802 -0.0244822
1 0.0323042 -0.0232018
1 -0.000350463 0.13296
1 -0.080517 -0.0205649
1 0.0325545 -0.0228948
1 0.0318546 -0.023972
1 0.0354912 -0.0211166
1 0.0330747 -0.0227208
1 -0.0740785 -0.0189062
1 0.0256285 -0.0219019
1 -0.0745147 -0.0191542
1 -0.0744854 -0.0197615
1 0.000440686 0.145753
1 0.0288371 -0.00556114
1 0.0298396 -0.00763879
1 0.00194925 0.144027
1 0.0295919 1.3396e-05
1 0.0201392 0.0554883
1 0.0335228 -0.00399273
1 0.033257 -0.02448
1 -0.0717693 -0.0203932
1 0.00132314 0.145593
1 -0.000619488 0.143146
1 0.00571306 0.141027
1 -0.0433354 0.0474721
1 0.00105845 0.134945
1 -0.0282615 0.0562899
1 -0.0244821 0.0829126
1 0.0156059 0.0697511
1 0.000348695 0.138637
1 0.0296495 0.00683283
1 0.00175066 0.147658
1 -0.0505747 0.0402255
1 -0.0506979 0.039338
1 0.0327618 -0.0187276
1 0.0353045 -0.0247747
1 0.0342938 -0.0209164
1 0.0356746 -0.0209384
1 0.0313298 -0.0251858
1 0.0198927 -0.0195224
1 -0.0844213 -0.0226654
1 -0.0833055 -0.0230471
1 -0.0822808 -0.0233147
1 -0.00184947 0.141188
1 0.0338974 -0.0174968
1 0.00328689 0.119444
1 0.035781 -0.0206142
1 0.030535 -0.00893914
1 -0.0793471 -0.020394
1 0.0316597 -0.0134194
1 0.00126246 0.116821
1 0.00115589 0.0905365
1 -0.0741075 -0.0183143
1 0.0318184 -0.013923
1 0.0288502 -0.0220818
1 -0.00496319 0.1391
1 0.000675953 0.140508
1 0.0293756 -0.0230047
1 0.0246075 -0.0216783
1 0.0320788 -0.0227113
1 0.0252886 -0.0231289
1 0.0313876 -0.0220056
1 0.0350402 -0.0244048
1 0.0330388 -0.018223
1 0.0319436 -0.0179436
1 0.0250222 0.0239447
1 0.0308011 0.000993194
1 0.00172399 0.119749
1 0.033843 -0.00858814
1 0.0296673 -0.00500727
1 0.0306937 -0.0107156
1 0.0330849 -0.00704349
1 0.0292143 -0.00504385
1 0.0330368 -0.00700949
1 0.0318922 -0.00998845
1 -0.000769813 0.107904
1 0.0303115 -0.00980655
1 -0.0737223 -0.018318
1 -0.0750922 -0.0191624
1 0.0290085 -0.0115505
1 0.00352588 -0.0156485
1 0.0340898 -0.0145158
1 0.0344592 -0.0172107
1 0.00161826 0.140316
1 0.00907864 0.107723
1 0.00545815 0.115848
1 0.031526 -0.00799359
1 0.0221534 -0.0039067
1 -0.0550115 0.0224656
1 -0.0016983 0.135295
1 0.025575 0.00660211
1 0.0332966 -0.00987199
1 0.0282305 -0.00364592
1 0.0329142 -0.0214313
1 0.0316137 -0.0160732
1 0.0341902 -0.0186422
1 -0.0749187 -0.0185297
1 0.0319908 -0.0245069
1 0.0010775 0.143427
1 0.0329932 -0.0123991
1 0.0338585 -0.0239034
1 0.0308954 -0.0191306
1 0.0293132 -0.00191778
1 0.0330016 -0.0214491
1 0.0294479 -0.0197394
1 0.00142712 0.13846
1 -0.0465461 0.0299801
1 0.00408205 0.121294
1 0.0343787 -0.0107475
1 0.0334358 -0.00872198
1 -0.0471181 0.0193639
1 0.0326202 -0.00763121
1 0.00402108 0.00393574
1 0.0311666 -0.0132853
1 -0.0532817 0.0291002
1 -0.0829194 -0.0211345
1 0.0343448 -0.0234306
1 0.0348346 -0.0226004
1 0.0302504 -0.0198144
1 0.0344344 -0.0258473
1 0.0326037 -0.00602594
1 -0.0232288 0.101625
1 -0.0129101 0.0257292
1 0.0267245 0.00961038
1 0.0276502 -0.00244722
1 -0.0794976 -0.0185903
1 0.0183668 0.0469307
1 -0.0809771 -0.0221274
1 -0.0807163 -0.0242131
1 -0.0775452 -0.0223238
1 0.0315151 -0.00214995
1 0.0279333 0.0115885
1 -0.00515307 0.134881
1 0.00111268 0.146655
1 0.0297389 0.0191258
1 0.027231 -0.020817
1 0.0327281 -0.0161513
1 -0.0773742 -0.0224422
1 0.0304799 -0.00858784
1 0.0284013 0.00524715
1 0.0291927 -0.0181247
1 -0.0757426 -0.019673
1 0.0290275 -0.0240493
1 0.0328716 -0.0116753
1 -0.00469144 0.139202
1 -7.21005e-05 0.133052
1 0.0338282 -0.0179729
1 0.0342885 -0.022609
1 -0.0492771 0.0250668
1 -0.0472919 0.0336511
1 0.0335952 -0.00574235
1 -0.0765457 -0.0192483
1 0.0195151 0.0562596
1 0.030785 -0.0163902
1 0.0335008 -0.0245827
1 0.0359474 -0.026276
1 0.0347336 -0.0254751
1 0.0361052 -0.023749
1 0.034433 -0.0239832
1 0.0303052 -0.0221694
1 0.0354307 -0.0225915
1 0.0295941 -0.0213976
1 -0.000815 -0.017921
1 0.0364749 -0.0238213
1 0.0344758 -0.0201122
1 0.0342278 -0.0180751
1 0.0329407 -0.0206103
1 0.0368377 -0.0235987
1 0.0307879 -0.0201173
1 0.0307092 -0.0214796
1 0.0317644 -0.022405
1 0.0332586 -0.0180893
1 0.0356386 -0.0211074
1 0.0313173 0.0118288
1 -0.0474581 0.0324529
1 0.00725252 0.0733697
1 0.0265296 -0.0233654
1 0.0317773 -0.0231698
1 0.0298773 0.0108301
1 0.0264498 0.020989
1 0.0327589 -0.0226474
1 0.0329098 -0.0180928
1 0.0335319 -0.0202067
1 0.0334015 -0.0231343
1 0.0317316 -0.00137355
1 -0.0488501 0.0334369
1 0.0331904 -0.0234135
1 0.0331749 -0.0244401
1 -0.0795096 -0.0206407
1 0.0327478 -0.0180598
1 0.0306067 -0.0194433
1 0.0289736 -0.0194881
1 0.0333729 -0.0180322
1 0.0325908 -0.0190373
1 -0.000737965 0.13669
1 0.0272677 -0.0162395
1 -0.0784062 -0.0194069
1 0.0322385 -0.0253036
1 0.0327449 -0.0241912
1 -0.0769223 -0.0224541
1 0.0308084 -0.0187276
1 0.0304559 -0.0162626
1 0.0254181 0.00677426
1 0.0346563 -0.0247633
1 -0.0779654 -0.0191375
1 -0.0786252 -0.0193432
1 0.0320837 -0.0197636
1 0.0332642 -0.0204536
1 0.0330995 -0.0167466
1 0.0318869 -0.0195312
1 0.0331571 -0.0251188
1 0.00192219 0.146247
1 0.0322313 -0.0205608
1 -0.0833467 -0.0223662
1 0.0331144 -0.0251051
1 -0.0776934 -0.0220949
1 0.0293169 -0.0198816
1 0.0345288 -0.0242646
1 0.0348964 -0.0250365
1 -0.0807036 -0.0194809
1 0.0297078 -0.022311
1 0.0256698 -0.0191738
1 0.0221542 -0.0138328
1 -0.0828694 -0.0233374
1 0.0359099 -0.0224603
1 0.0267283 -0.0220306
1 0.0336134 -0.0185925
1 -0.0771268 -0.0186452
1 0.0354182 -0.0232876
1 0.0328001 -0.0241301
1 0.0305997 -0.017979
1 -0.0756093 -0.022296
1 0.0291382 -0.0212954
1 -0.0773423 -0.022358
1 0.00316447 0.109719
1 0.0258462 -0.017774
1 0.0361744 -0.0244161
1 -0.0775348 -0.0168587
1 0.0351148 -0.0241378
1 0.0309566 -0.0245834
1 0.0339414 -0.0219557
1 -0.0767007 -0.0193231
1 0.0323456 -0.0240056
1 -0.000221857 0.135393
1 0.0337637 -0.0238947
1 -0.0753057 -0.0212024
1 0.0296794 -0.0248613
1 0.0193965 -0.014132
1 0.032559 -0.0194169
1 0.0318378 -0.0162429
1 -0.0777248 -0.0192774
1 0.0310648 -0.0164715
1 0.030405 -0.0180505
1 -0.0804186 -0.0192493
1 -0.0762486 -0.0192989
1 0.0341166 -0.0239424
1 0.0295258 -0.0209819
1 0.0317553 -0.0243741
1 -0.0797426 -0.0189551
1 -0.0780086 -0.0210182
1 0.0327075 -0.0239243
1 0.0317753 -0.0209591
1 0.0338843 -0.0216383
1 0.0341152 -0.0157083
1 0.0333394 -0.0177261
1 -0.0777602 -0.0197828
1 -0.0798666 -0.0235606
1 0.0322515 -0.0140313
1 0.0226028 0.0380843
1 0.0321971 -0.018278
1 0.0268459 -0.0158506
1 -0.0796077 -0.0196038
1 0.0336313 -0.0227969
1 0.0292976 -0.0220737
1 0.0273574 -0.0130363
1 -0.0778207 -0.0184545
1 -0.0726245 -0.019089
