1 0.0286972 -0.00220299 0.0038557 0.0167497 -0.00903819
1 -0.0597929 0.0165946 0.0141365 0.0682974 0.0115382
1 -0.0623609 -0.0201741 -0.0764574 -0.0276073 -0.00480811
1 0.0334568 -0.0262018 0.000705155 0.00433523 -0.0514291
1 -0.0689458 -0.0221406 -0.0792614 -0.0353859 -0.00331083
1 0.0299117 -0.00824997 0.00134722 0.00322029 -0.00127247
1 -0.072423 -0.019513 -0.0599936 -0.0121105 -0.00641858
1 0.0317796 -0.0104561 -5.80692e-05 -0.00834416 0.0160887
1 0.0295821 -0.00607652 0.00201314 0.0193004 -0.0101654
1 -0.000684428 0.136042 -0.00100578 -0.0409218 -0.00671174
1 -0.0843612 -0.023017 0.142578 -0.0385345 -0.00992078
1 0.0189136 -0.0117012 0.0118436 -0.00278577 0.00480811
1 0.0312799 -0.0190733 0.00399647 -0.0189114 0.116185
1 -0.0680242 -0.0182592 -0.0609172 -0.00339972 -0.0010126
1 0.0335968 -0.0192407 0.00156106 0.00975209 -0.0306639
1 -0.0806929 -0.0208536 0.0889033 -0.0378326 -0.00806126
1 0.0307341 -0.00886352 0.00158283 -0.00256433 -0.0147241
1 0.0308201 -0.0240582 0.000679042 0.0106422 -0.0781089
1 0.0295949 -0.0242753 0.00265629 0.00231479 -0.024531
1 0.0325032 -0.00109 0.0021939 0.00634763 0.00252592
1 0.0319532 -0.024304 -0.000593484 0.00806869 -0.0620875
1 0.0273464 0.00827521 -0.00147123 -0.00157819 0.00879332
1 -0.0736389 -0.017605 0.0104883 0.00804048 0.00136686
1 0.0291004 -0.000511053 0.00215 -0.00465237 0.0303772
1 -0.0722496 -0.0123884 0.00688944 0.0181739 0.00310808
1 -0.0751914 -0.0154202 -0.0247173 -0.000215004 0.00172255
1 0.03335 -0.0109641 0.00145582 0.00931164 -0.0139799
1 0.0322507 -0.00450375 0.00124866 0.00479535 -0.0122168
1 -0.0815873 -0.0222203 -0.0865529 -0.0381681 -0.00471226
1 0.0150975 0.0414343 0.00258436 -0.0287821 0.0506446
1 0.0313544 -0.0248903 -6.15245e-06 0.00911185 -0.0731293
1 0.029875 -0.0167558 0.00248702 0.0107015 -0.0211243
1 0.022739 -0.0194779 0.00834599 -0.0202303 0.120192
1 0.0244619 -0.0214551 -0.0042985 0.00315504 -0.0728156
1 0.0312623 -0.00171226 0.000164077 0.00190193 0.0107265
1 0.0342745 -0.0234172 0.00201845 -0.0215938 0.130046
1 0.0294505 -0.0192408 0.00136605 0.000870948 0.00543696
1 0.0345306 -0.0226512 0.000983994 0.00384183 -0.0334667
1 -0.0741268 -0.0198492 -0.0731217 -0.0256718 -0.00342277
1 0.0333746 -0.0203105 6.80791e-05 -0.00485172 0.0123214
1 0.0307491 0.00699692 0.00162959 -0.00427408 0.0192749
1 0.0343706 -0.0243974 -0.000981857 0.000720732 -0.0427231
1 0.0337797 -0.0242394 0.000431537 -0.0011165 -0.024648
1 0.0360471 -0.0193728 0.00136287 0.00411183 -0.0468284
1 0.0303679 -0.0108714 0.000625104 -0.000581149 0.0194587
1 0.0262963 -0.0136871 0.000897768 -0.00138871 0.0357096
1 -0.0763587 -0.0216115 -0.0903232 -0.037623 -0.0061267
1 0.0323197 -0.0236472 0.000225377 0.0100871 -0.0803904
1 -0.0291805 -0.0188816 -0.0391655 -0.0161075 -0.00478961
1 0.0178478 -0.00872025 0.00512709 0.00742352 0.0579316
1 0.0306701 -0.0171263 0.00214783 -0.0168445 0.0936726
1 0.0330178 -0.0194562 -0.000174891 0.00237391 -0.0117367
1 0.032781 -0.0272868 -0.00106668 0.00423953 -0.0532145
1 0.0345014 -0.0272024 -0.00194578 0.00443903 -0.0535104
1 -0.00621847 0.0101099 0.0017493 0.126352 0.015481
1 0.0317259 -0.00521356 0.00232171 0.00835401 -0.0165298
1 0.0279206 0.00930257 0.00186949 0.00803485 0.0054023
1 -0.0546445 0.0223661 0.0002246 0.239251 0.0337233
1 -0.00201686 -0.00867913 -0.0249853 -0.0058815 -0.00691521
1 0.0317794 -0.0243091 0.00154735 0.0060947 -0.0722065
1 -0.0772284 -0.0222162 -0.0135236 -0.0247726 -0.00543322
1 0.0290798 -0.0219938 -0.000287143 0.00342067 -0.0609125
1 0.0287422 -0.0197795 -0.00247112 -0.00619703 0.00157794
1 -0.0762718 -0.0195804 0.134043 -0.0131335 -0.00264437
1 0.0307896 -0.00540562 0.00225894 0.00465274 0.00662104
1 0.024154 -0.00926142 0.0112537 0.00446239 -0.0167453
1 -0.0022455 0.141341 0.00146037 -0.0310384 -0.0114146
1 0.0220427 0.0259766 -0.000321073 -0.0121568 0.0235492
1 0.0322693 -0.0212665 0.00101547 -0.0168962 0.110345
1 0.0364373 -0.0247829 -0.000217279 0.00451631 -0.0521697
1 0.0283019 -0.0143017 0.00398933 0.000623931 0.00256232
1 0.0266526 0.00872816 0.0015228 -0.00499461 0.0228282
1 0.0326467 -0.0189217 0.00134532 -0.0199366 0.113393
1 0.0156382 0.0461021 -0.00127532 -0.014955 0.0126154
1 -0.0782376 -0.020504 -0.0818569 -0.0292809 -0.00478261
1 -0.0277194 -0.0175032 0.00281545 -0.00434104 0.0490555
1 0.0322462 -0.0230149 -0.00117402 0.00979601 -0.0739445
1 0.0309294 -0.0193797 0.0023495 0.00148983 0.0359045
1 0.0321405 -0.0146287 0.00236885 0.0125306 -0.019054
1 0.0333782 -0.0207368 -0.000420734 -0.00385471 0.0101239
1 0.0319577 -0.0175164 -0.000403663 0.00820396 -0.0586027
1 -0.0750334 -0.0198958 -0.0767418 -0.0246716 -0.00654488
1 0.032134 -0.00190032 0.00138006 0.00161862 -0.000101439
1 -0.0750858 -0.0213046 -0.0754844 -0.0261308 -0.00566948
1 0.0324999 -0.0131809 0.0028937 -0.00676917 0.0379277
1 0.0334263 -0.0244833 -0.000277216 0.0100009 -0.0674207
1 0.031578 -0.0238118 -0.00109357 0.010135 -0.0737289
1 0.0340851 -0.0191624 0.00131456 0.0098704 -0.0306218
1 0.0338969 -0.0223921 0.00250304 -0.0204088 0.120944
1 -0.00342835 0.137222 0.000795804 -0.034487 -0.00606089
1 -0.0783022 -0.0210136 -0.0827838 -0.032899 -0.00522002
1 -0.00479122 0.12451 0.00111886 -0.0326798 -0.00444687
1 -0.0155421 0.00729213 -0.0354531 -0.0205689 0.0045719
1 -0.0730427 -0.0184557 -0.072738 -0.0228215 -0.0069285
1 0.0312211 -0.0252314 -0.000700405 0.00801912 -0.0640838
1 0.0336303 -0.0188513 0.00212319 0.00502602 -0.0274637
1 0.0353402 -0.0237739 0.00112565 0.0066646 -0.0695695
1 -0.083874 -0.0224737 0.185963 -0.036546 -0.0102622
1 -0.0806315 -0.0220052 0.164644 -0.0338156 -0.00855623
1 0.0301174 -0.0178398 0.00302901 -0.0221799 0.136461
1 0.0198003 0.0312767 -0.000898632 -0.0253346 0.097342
1 0.00705462 0.032452 -0.0105182 -0.0147461 0.0110159
1 0.0305196 -0.0185251 0.00289256 -0.0219738 0.134794
1 0.0195025 -0.00786369 0.0235676 -0.00280299 -0.00708008
1 0.0309769 -0.0190946 0.004103 -0.0190932 0.116136
1 -0.0823089 -0.0208199 0.155923 -0.0277121 -0.00816283
1 -0.0827443 -0.0215934 0.169976 -0.0315033 -0.00873676
1 0.0331139 -0.0127548 0.000467355 -0.000797151 -0.00473801
1 0.0254729 -0.0224238 0.0102256 -0.00747589 0.0210759
1 0.0340512 -0.0229238 0.0013454 -0.0060521 0.0250611
1 0.0312543 -0.00990858 0.000483823 0.00984732 -0.0177725
1 0.0349495 -0.0179306 0.000750542 0.00960109 -0.0197307
1 0.0343693 -0.0262505 0.000606434 0.00101932 -0.0297607
1 -0.0791571 -0.0171325 0.109889 -0.00798809 -0.00304287
1 0.0320913 0.00495097 0.00181544 -0.00465142 0.0244688
1 -0.0806992 -0.0219171 0.167356 -0.0321303 -0.0103609
1 0.0304355 -0.0190001 -0.000559125 0.000330251 -0.00349099
1 -0.0815974 -0.0226924 0.0982775 -0.0377571 -0.010548
1 -0.0117683 0.121176 0.00280965 -0.00393635 -0.00699901
1 -0.0623756 0.0105235 0.0163049 0.0504682 0.00707801
1 -0.0775836 -0.0230349 -0.0929131 -0.0383884 -0.00487399
1 -0.0731454 -0.0233142 -0.0144932 -0.0262501 -0.00177054
1 -0.072515 -0.0231517 -0.0115246 -0.0271038 -0.00107099
1 -0.0745673 -0.0231187 -0.00576522 -0.0274143 -0.00495413
1 -0.0847785 -0.0240047 0.0790834 -0.040737 -0.00927177
1 -0.0819682 -0.0211923 0.166696 -0.0300578 -0.0083053
1 0.0298307 -0.0231815 -0.00461864 0.00203351 -0.0659393
1 0.0107442 0.0357409 -0.0115221 -0.0108956 0.0073002
1 -0.0812026 -0.0225058 0.0681489 -0.0270401 -0.00904491
1 0.0343064 -0.021421 0.000695506 -0.0112488 0.0602489
1 0.0332201 -0.0221857 0.00100766 -0.0244229 0.144461
1 -0.0762344 -0.0183509 0.0152733 0.00628898 0.00245027
1 0.0273078 -0.0159237 0.00384343 -0.0199821 0.123907
1 0.0312049 -0.0201924 0.00244498 -0.0179207 0.101377
1 0.031458 -0.0209014 0.000191854 -0.0147555 0.0855563
1 0.0336295 -0.0192027 0.000244243 -0.0230849 0.138267
1 0.0314096 -0.0185724 0.00290809 -0.0187726 0.124166
1 0.0319946 -0.0155911 0.000687898 0.000183114 -0.0174047
1 0.0307803 -0.0184872 0.00240419 -0.00374043 0.0160622
1 0.0128397 -0.0223914 -0.00413498 -0.00831996 -0.00181478
1 0.0317114 -0.0241311 -0.0032177 -0.00745414 0.00372916
1 0.0255847 -0.021777 0.00626298 -0.0091025 0.028702
1 0.0333684 -0.016118 0.00325637 -0.00422095 0.025262
1 -0.0612817 0.016177 0.0230034 0.0373617 0.00493489
1 0.0128164 -0.0228418 0.00439577 -0.0105504 -0.00433367
1 0.0192928 -0.0202991 -0.00790247 -0.0128951 0.0272413
1 0.0294462 -0.0166533 0.00394288 0.000448923 -0.0237774
1 0.0243954 -0.00607859 0.00490444 0.00480581 -0.00552509
1 0.0311635 -0.0093545 0.00358986 -0.00946676 0.0367294
1 -0.0822273 -0.0217267 0.173276 -0.0340634 -0.00918989
1 0.0251799 0.0134517 0.00215782 0.000436824 -0.0236001
1 -0.0829874 -0.0222605 0.176716 -0.0337762 -0.00971632
1 0.0268629 -0.0176869 0.00203091 -3.20882e-05 0.00815569
1 0.0318067 -0.0211528 -0.000265567 -0.00526585 0.025936
1 0.0326323 -0.0256095 0.00177512 0.00648226 -0.0681053
1 0.032626 -0.0230243 -0.00126396 -0.00525255 0.00446575
1 0.0336703 -0.0259749 -1.44284e-05 -0.00513626 -0.00920256
1 0.0325271 -0.0197503 0.00234506 -0.0175508 0.10497
1 0.0323025 -0.0211861 0.0014256 0.00192702 -0.028995
1 -0.0385 -0.0238617 -0.0636213 -0.0289104 0.0154962
1 0.0272304 -0.0197546 0.00205943 -0.0231492 0.13888
1 -0.0829706 -0.0215077 0.166281 -0.0306335 -0.0087981
1 -0.00975204 -0.0207146 -0.0221827 -0.0241623 0.081615
1 -0.0757623 -0.0213062 -0.0825861 -0.0311626 -0.0059917
1 0.0345652 -0.0201753 0.00136716 0.00371752 -0.0499914
1 0.0310279 0.00788952 0.00108699 -0.00212153 -0.00215495
1 0.0343605 -0.0241379 -0.000240596 0.00555689 -0.0727583
1 0.0249534 -0.00427949 0.00610749 0.00864944 -0.00280847
1 0.0344486 -0.0206573 -0.000773726 -3.09732e-05 -0.0132912
1 -0.0816792 -0.0222591 0.175127 -0.0328 -0.0084367
1 -0.0825692 -0.0218355 0.173853 -0.0335413 -0.00937261
1 -0.0798771 -0.0203965 -0.0683397 -0.0253438 -0.00318792
1 -0.0773557 -0.0207555 -0.0907238 -0.0336412 -0.0054417
1 -0.0776038 -0.0216617 -0.0854666 -0.0363118 -0.00388808
1 -0.00260472 0.147688 0.0011539 -0.0389886 -0.014096
1 -0.00132729 0.144094 0.000412437 -0.0419596 -0.00983383
1 0.0358969 -0.0200104 -0.000391677 -0.0016927 -0.00507311
1 0.0269357 0.00618108 0.00147804 0.00429503 -0.00213045
1 0.0322665 -0.00638226 0.000612952 0.00630468 -0.00749851
1 0.0299193 0.00207966 -0.000238092 -0.00639613 0.0197246
1 0.017374 0.0434391 -0.00186188 -0.0160665 0.0264912
1 -0.0822834 -0.0215649 0.167599 -0.0321821 -0.00909028
1 0.0314986 -0.0244787 -0.000798498 0.000776759 -0.0168947
1 -0.0795637 -0.023909 -0.090104 -0.0369465 -0.00643971
1 -0.0841422 -0.0231531 -0.0935534 -0.034874 -0.00713825
1 -0.0145171 0.127142 0.00116723 -0.0220719 -0.0111783
1 -0.0808071 -0.0229772 -0.0730173 -0.0243976 -0.00889228
1 -0.00320763 0.138016 -0.00128132 -0.037154 -0.00615955
1 -0.0264074 -0.0235857 -0.0345523 -0.000477144 -0.0406193
1 -0.00575095 -0.0207823 -0.0175023 -0.0107135 0.0127305
1 -0.0711311 -0.0183973 -0.0714317 -0.00209039 -0.0022637
1 -0.0734726 -0.0189026 -0.0590771 -0.014464 5.18235e-05
1 -0.0725991 -0.0188893 -0.0660419 -0.0101829 -0.00476397
1 0.035229 -0.0204337 -0.000601291 0.00304482 -0.0412233
1 -0.0711338 -0.0189972 -0.0665993 -0.0099615 -0.00580211
1 -0.0695461 -0.018256 -0.0688436 -0.00666967 -0.00467097
1 -0.0720412 -0.0190112 -0.0638204 -0.00909021 -0.00476406
1 -0.071342 -0.0185484 -0.0691539 -0.0109116 -0.00514469
1 -0.0730584 -0.0210717 -0.0690443 -0.0167317 -0.00679859
1 -0.0626043 -0.0192147 -0.0581735 -0.00683482 -0.00368515
1 0.0312543 -0.0235398 -0.000896819 0.00574164 -0.0659303
1 0.0304619 -0.0204663 0.000512045 0.00793878 -0.0587206
1 -0.0808771 -0.0194749 0.140235 -0.0240327 -0.00683373
1 -0.0811455 -0.0202 0.149828 -0.0213268 -0.00699419
1 0.0323282 -0.0220993 -9.60433e-05 0.0060345 -0.0785946
1 -0.00229627 0.143563 -0.00105564 -0.0386937 -0.00580315
1 -0.0758252 -0.0176941 -0.0264841 0.000101303 0.00149891
1 0.0172872 0.0363986 -0.00141511 -0.0121577 0.0253694
1 0.0280479 0.00573707 -0.00196752 -0.00692904 0.00390794
1 0.0351547 -0.00898625 -0.00061302 -0.000300331 0.00561771
1 -0.0522024 0.0307402 6.90935e-05 0.289248 0.0440055
1 -0.0525435 -0.0179281 -0.00598544 0.0048492 -0.00303505
1 -0.0750274 -0.0168501 -0.00553113 0.00745548 0.00135496
1 -9.65276e-05 0.0941102 -0.00318695 -0.0349643 0.00891166
1 0.0330879 -0.0140571 0.00215141 0.0100365 -0.029735
1 0.0034079 0.0839167 -0.00534593 -0.0353322 0.0150264
1 0.00105158 0.0903253 -0.00250186 -0.0363572 0.00780532
1 -0.0748875 -0.0153237 -0.00875784 0.00719637 0.00315612
1 -0.0759299 -0.0169226 -0.0164083 0.0105695 0.00388033
1 0.00247413 0.0500631 -0.00430996 -0.0265262 0.018634
1 0.0332756 -0.0244222 -0.000103222 0.0106962 -0.0600745
1 0.0340751 -0.0239548 0.000918598 0.00607276 -0.0591431
1 0.0352658 -0.0239027 0.000398371 0.00625909 -0.0594562
1 0.0340802 -0.0244822 0.000613699 0.0072166 -0.0536923
1 0.0323042 -0.0232018 0.00190041 0.00443622 -0.0403413
1 -0.000350463 0.13296 -0.00281607 -0.0347107 -0.00544288
1 -0.080517 -0.0205649 -0.0647969 -0.0239107 -0.00381429
1 0.0325545 -0.0228948 -0.00142344 0.00928772 -0.0785625
1 0.0318546 -0.023972 -0.00083567 0.00877614 -0.067526
1 0.0354912 -0.0211166 0.000289647 0.00382648 -0.0555237
1 0.0330747 -0.0227208 -0.000349049 0.005866 -0.0619039
1 -0.0740785 -0.0189062 -0.06585 -0.0204159 -0.00473847
1 0.0256285 -0.0219019 -0.00444584 0.00357141 -0.0377823
1 -0.0745147 -0.0191542 -0.0745313 -0.0296502 -0.000785425
1 -0.0744854 -0.0197615 -0.0711377 -0.0258127 -0.00833561
1 0.000440686 0.145753 5.29459e-05 -0.0382063 -0.0125347
1 0.0288371 -0.00556114 0.00301379 0.00675395 0.00161826
1 0.0298396 -0.00763879 0.00245039 0.0180895 -0.0237285
1 0.00194925 0.144027 -0.00181568 -0.0267671 -0.0164688
1 0.0295919 1.3396e-05 0.00273727 0.0098057 -0.000663314
1 0.0201392 0.0554883 0.00245964 0.00417387 -0.0152106
1 0.0335228 -0.00399273 -0.000865873 0.00421055 -0.011103
1 0.033257 -0.02448 -4.91435e-05 0.00357788 -0.0726383
1 -0.0717693 -0.0203932 -0.0622008 -0.0255093 -0.00515835
1 0.00132314 0.145593 0.000147427 -0.0384654 -0.0111359
1 -0.000619488 0.143146 0.000255122 -0.0284443 -0.0131191
1 0.00571306 0.141027 0.000187435 -0.0373583 -0.0140066
1 -0.0433354 0.0474721 -0.00475916 0.247159 0.0389243
1 0.00105845 0.134945 -0.000750645 -0.0290455 -0.00010598
1 -0.0282615 0.0562899 -0.00565797 0.189783 0.0404691
1 -0.0244821 0.0829126 -0.00269455 0.116027 0.0194973
1 0.0156059 0.0697511 -0.00237474 -0.0205637 -0.00193087
1 0.000348695 0.138637 -0.00324849 -0.0419382 -0.00774615
1 0.0296495 0.00683283 0.00215342 -0.00395631 0.0226459
1 0.00175066 0.147658 -0.00148174 -0.0429665 -0.0148708
1 -0.0505747 0.0402255 -0.0166534 0.156362 0.0208
1 -0.0506979 0.039338 -0.0150386 0.141073 0.0182476
1 0.0327618 -0.0187276 0.000509327 -0.00312805 -0.000841385
1 0.0353045 -0.0247747 -0.000727021 0.00661726 -0.0487552
1 0.0342938 -0.0209164 -0.000837644 1.58537e-05 -0.0236685
1 0.0356746 -0.0209384 -0.00025545 0.0010225 -0.0134043
1 0.0313298 -0.0251858 0.00269905 0.00317623 -0.0359693
1 0.0198927 -0.0195224 -0.00852156 -0.00431445 -0.00120309
1 -0.0844213 -0.0226654 -0.0912873 -0.034406 -0.00707505
1 -0.0833055 -0.0230471 -0.0800215 -0.0306776 -0.00941675
1 -0.0822808 -0.0233147 -0.0873509 -0.0327183 -0.00752269
1 -0.00184947 0.141188 0.00299436 -0.0292557 -0.0115815
1 0.0338974 -0.0174968 0.00130963 0.00654774 -0.0176538
1 0.00328689 0.119444 0.00295534 -0.00543997 -0.0168901
1 0.035781 -0.0206142 0.000770593 0.00838602 -0.0587903
1 0.030535 -0.00893914 0.00208956 0.0107097 -0.0072753
1 -0.0793471 -0.020394 -0.0833294 -0.0368894 -0.00485358
1 0.0316597 -0.0134194 0.00239253 -0.00665252 0.0251899
1 0.00126246 0.116821 0.00672841 0.00663286 -0.0202294
1 0.00115589 0.0905365 0.00629689 0.0180935 -0.0222653
1 -0.0741075 -0.0183143 0.00239649 0.00614749 0.00296695
1 0.0318184 -0.013923 4.13475e-05 -0.00484717 0.0191313
1 0.0288502 -0.0220818 0.00411716 0.00731834 -0.0704637
1 -0.00496319 0.1391 0.00345991 -0.0381681 -0.0109724
1 0.000675953 0.140508 0.000189442 -0.0396153 -0.00718864
1 0.0293756 -0.0230047 0.00342146 0.00372015 -0.0520687
1 0.0246075 -0.0216783 -0.00222024 0.00577829 -0.0517761
1 0.0320788 -0.0227113 0.000398976 0.0061814 -0.0586148
1 0.0252886 -0.0231289 0.00314565 0.00643333 -0.0573613
1 0.0313876 -0.0220056 0.000998622 0.00233815 -0.0132126
1 0.0350402 -0.0244048 -0.0010081 0.00585373 -0.0589632
1 0.0330388 -0.018223 0.000499401 -0.0119768 0.0685683
1 0.0319436 -0.0179436 0.00299991 0.00849445 -0.0137398
1 0.0250222 0.0239447 0.000802178 0.00948485 -0.0168147
1 0.0308011 0.000993194 0.0028094 0.00698221 -0.00200397
1 0.00172399 0.119749 0.0050342 0.00121499 -0.0185874
1 0.033843 -0.00858814 0.000621405 0.00726655 -0.0157201
1 0.0296673 -0.00500727 0.00362294 0.0123913 -0.0218281
1 0.0306937 -0.0107156 0.00292436 0.0189581 -0.0262889
1 0.0330849 -0.00704349 0.00104474 0.00619586 -0.0109346
1 0.0292143 -0.00504385 0.00148879 0.0113616 -0.0194754
1 0.0330368 -0.00700949 0.00133685 0.00665844 -0.0134412
1 0.0318922 -0.00998845 0.00145758 0.0118021 -0.0117048
1 -0.000769813 0.107904 0.000381576 -0.0308465 0.00168726
1 0.0303115 -0.00980655 0.00111955 0.00669114 -0.0343055
1 -0.0737223 -0.018318 0.154911 -0.0299107 -0.00738462
1 -0.0750922 -0.0191624 -0.0632649 -0.015961 -0.00345793
1 0.0290085 -0.0115505 0.00138244 -0.00973485 0.0349999
1 0.00352588 -0.0156485 -0.0104375 0.00469768 0.00307224
1 0.0340898 -0.0145158 0.00109191 0.0042831 0.000770017
1 0.0344592 -0.0172107 -0.000637224 -0.00102185 0.00309452
1 0.00161826 0.140316 0.0017194 -0.0212085 -0.0126476
1 0.00907864 0.107723 -0.00181279 -0.0247097 -0.012282
1 0.00545815 0.115848 0.00383985 0.00190335 -0.0201793
1 0.031526 -0.00799359 0.00116689 0.0079158 -0.0216591
1 0.0221534 -0.0039067 -0.00196816 -0.00603886 0.0429189
1 -0.0550115 0.0224656 -0.00397834 0.245713 0.0345536
1 -0.0016983 0.135295 -0.0031424 -0.0426364 -0.00517612
1 0.025575 0.00660211 0.00162633 0.0154783 -0.00432534
1 0.0332966 -0.00987199 0.000825565 0.00850255 -0.0228082
1 0.0282305 -0.00364592 0.00317236 -0.0040557 0.00900345
1 0.0329142 -0.0214313 0.000904856 0.000414517 -0.000313785
1 0.0316137 -0.0160732 0.00174216 -0.00340027 0.026539
1 0.0341902 -0.0186422 -9.96243e-05 -0.00277934 0.0153022
1 -0.0749187 -0.0185297 -0.0564909 -0.0136532 -0.00315982
1 0.0319908 -0.0245069 0.000388944 0.0053946 -0.0650552
1 0.0010775 0.143427 -0.00160926 -0.029607 -0.0155815
1 0.0329932 -0.0123991 0.000240134 -0.00882367 0.0538626
1 0.0338585 -0.0239034 0.00111989 0.00156045 -0.0274379
1 0.0308954 -0.0191306 -0.000998562 -0.00339628 -0.00163339
1 0.0293132 -0.00191778 0.0025816 0.00803785 -0.0104018
1 0.0330016 -0.0214491 0.00123258 0.00236543 -0.0430482
1 0.0294479 -0.0197394 -0.0023542 -0.00512328 -0.00125171
1 0.00142712 0.13846 -0.0017211 -0.0276046 -0.0157164
1 -0.0465461 0.0299801 0.000134714 0.274881 0.0363641
1 0.00408205 0.121294 0.000882109 -0.00782011 -0.0200223
1 0.0343787 -0.0107475 0.00104605 0.00808123 -0.0219381
1 0.0334358 -0.00872198 0.00154372 0.0118308 -0.00876051
1 -0.0471181 0.0193639 0.00475824 0.153703 0.0148487
1 0.0326202 -0.00763121 -0.00056928 0.00544372 -0.00711595
1 0.00402108 0.00393574 3.17848e-05 0.113872 0.014951
1 0.0311666 -0.0132853 0.00249094 0.0181779 -0.0142915
1 -0.0532817 0.0291002 -0.00654783 0.276934 0.0426975
1 -0.0829194 -0.0211345 -0.0897585 -0.0342088 -0.00707628
1 0.0343448 -0.0234306 0.000164696 0.000698634 -0.0324966
1 0.0348346 -0.0226004 -0.000500917 0.00125665 -0.0243142
1 0.0302504 -0.0198144 -0.00166747 0.00548732 -0.0581063
1 0.0344344 -0.0258473 -0.000274951 0.00621132 -0.0426916
1 0.0326037 -0.00602594 0.00143072 0.000175546 0.00334665
1 -0.0232288 0.101625 0.00534138 -0.0121226 -0.00760397
1 -0.0129101 0.0257292 -0.00489934 0.127618 0.0172617
1 0.0267245 0.00961038 0.00157063 0.000192637 0.0175589
1 0.0276502 -0.00244722 0.00211651 0.0154663 -0.0189373
1 -0.0794976 -0.0185903 -0.0854979 -0.0363564 -0.00359494
1 0.0183668 0.0469307 0.00118269 0.00458754 -0.0106546
1 -0.0809771 -0.0221274 -0.0878607 -0.0369415 -0.00354238
1 -0.0807163 -0.0242131 -0.0936832 -0.0394044 -0.00606185
1 -0.0775452 -0.0223238 -0.0872534 -0.0345245 -0.00609727
1 0.0315151 -0.00214995 0.000418847 -0.000872723 0.012145
1 0.0279333 0.0115885 -0.000116603 -0.00380042 0.00604248
1 -0.00515307 0.134881 0.000919123 -0.0201402 -0.0128036
1 0.00111268 0.146655 0.00196396 -0.0156049 -0.0186878
1 0.0297389 0.0191258 0.0011897 0.00292197 0.00556476
1 0.027231 -0.020817 0.00175363 -0.00834669 0.0274517
1 0.0327281 -0.0161513 -0.0010511 0.00480173 -0.0115334
1 -0.0773742 -0.0224422 -0.0862735 -0.0335106 -0.00603313
1 0.0304799 -0.00858784 -0.0020601 0.00673801 -0.00910923
1 0.0284013 0.00524715 0.000851329 0.00516606 0.00458332
1 0.0291927 -0.0181247 0.00227386 -0.0204759 0.132716
1 -0.0757426 -0.019673 0.133276 -0.0128965 -0.00147199
1 0.0290275 -0.0240493 0.00615117 0.00721264 -0.053234
1 0.0328716 -0.0116753 -0.000136275 0.00633619 -0.00399536
1 -0.00469144 0.139202 0.00082785 -0.0292108 -0.0147241
1 -7.21005e-05 0.133052 -0.00154957 -0.0337531 -0.0050417
1 0.0338282 -0.0179729 0.000311933 0.00740998 -0.0390248
1 0.0342885 -0.022609 0.00106235 0.0031037 -0.0281452
1 -0.0492771 0.0250668 -0.00317275 0.203942 0.031993
1 -0.0472919 0.0336511 -0.00305186 0.25429 0.0396087
1 0.0335952 -0.00574235 -0.000402722 0.00590112 -0.000736117
1 -0.0765457 -0.0192483 0.13 -0.0126472 -0.00246418
1 0.0195151 0.0562596 -0.00128388 -0.00939953 0.00348137
1 0.030785 -0.0163902 0.00496199 -0.012677 0.0905906
1 0.0335008 -0.0245827 0.000268513 0.00257268 -0.0348693
1 0.0359474 -0.026276 -0.000710665 0.00472017 -0.0462247
1 0.0347336 -0.0254751 -0.000967948 0.00272641 -0.0193257
1 0.0361052 -0.023749 -0.00068384 0.006748 -0.0579116
1 0.034433 -0.0239832 -0.000927553 0.000867498 -0.0231171
1 0.0303052 -0.0221694 0.000689868 0.0157121 -0.0827822
1 0.0354307 -0.0225915 -0.00140524 0.00609424 -0.056461
1 0.0295941 -0.0213976 0.00544226 0.00330506 -0.0572701
1 -0.000815 -0.017921 -0.00293747 -0.0171423 0.0227872
1 0.0364749 -0.0238213 0.00106695 0.00482867 -0.0567575
1 0.0344758 -0.0201122 0.00106106 -0.00534298 0.0409998
1 0.0342278 -0.0180751 -0.00146352 0.00703738 -0.0374416
1 0.0329407 -0.0206103 0.00101411 -0.0153696 0.120385
1 0.0368377 -0.0235987 0.00152852 0.000232336 -0.0174186
1 0.0307879 -0.0201173 0.000669845 -0.0110421 0.068883
1 0.0307092 -0.0214796 0.00274977 -0.00847369 0.0257765
1 0.0317644 -0.022405 0.000751309 -0.0163977 0.090079
1 0.0332586 -0.0180893 0.00272962 -0.0192694 0.106959
1 0.0356386 -0.0211074 0.00256559 -0.00867435 0.0429836
1 0.0313173 0.0118288 -0.00135412 -0.00240964 -0.00278784
1 -0.0474581 0.0324529 0.0002423 0.271388 0.0391803
1 0.00725252 0.0733697 -0.00162579 -0.0239135 0.0039721
1 0.0265296 -0.0233654 -0.00154005 -0.00770362 0.0194552
1 0.0317773 -0.0231698 -0.000540075 0.00248089 -0.0466276
1 0.0298773 0.0108301 -0.000894144 -0.000510074 3.19842e-05
1 0.0264498 0.020989 -0.000921298 -0.00211352 -0.00329616
1 0.0327589 -0.0226474 0.0035571 -0.0221335 0.133889
1 0.0329098 -0.0180928 0.00179263 -0.0212066 0.13085
1 0.0335319 -0.0202067 0.0017304 -0.0179206 0.122483
1 0.0334015 -0.0231343 -0.0012492 0.00254393 -0.0469279
1 0.0317316 -0.00137355 -0.000336649 0.00619462 -0.00047785
1 -0.0488501 0.0334369 -0.00309631 0.284706 0.0427206
1 0.0331904 -0.0234135 0.000469405 0.00416131 -0.0485202
1 0.0331749 -0.0244401 0.000457243 0.0128103 -0.089773
1 -0.0795096 -0.0206407 -0.0660265 -0.0247193 -0.00266974
1 0.0327478 -0.0180598 0.00138329 -0.0220532 0.136939
1 0.0306067 -0.0194433 0.00244758 -0.0169743 0.109787
1 0.0289736 -0.0194881 0.001787 -0.0204286 0.128319
1 0.0333729 -0.0180322 0.00025832 -0.0184825 0.106667
1 0.0325908 -0.0190373 0.00299096 -0.0240191 0.142439
1 -0.000737965 0.13669 -0.000150601 -0.0302913 -0.00777651
1 0.0272677 -0.0162395 0.000101957 -0.00166732 0.0116822
1 -0.0784062 -0.0194069 0.0145287 0.0158127 0.0038674
1 0.0322385 -0.0253036 0.00050784 0.00880594 -0.0768067
1 0.0327449 -0.0241912 3.19524e-06 0.00650264 -0.0546868
1 -0.0769223 -0.0224541 -0.095403 -0.0390486 -0.00536578
1 0.0308084 -0.0187276 0.00390756 -0.0228664 0.137193
1 0.0304559 -0.0162626 -0.00020554 -0.0198013 0.108815
1 0.0254181 0.00677426 0.000590504 0.00640217 0.0116246
1 0.0346563 -0.0247633 -0.000467699 0.00680734 -0.0541798
1 -0.0779654 -0.0191375 0.0230328 0.0107046 0.00369123
1 -0.0786252 -0.0193432 0.0171812 0.010482 0.00384662
1 0.0320837 -0.0197636 0.000122872 0.00509011 -0.0487651
1 0.0332642 -0.0204536 0.00128739 -0.0223132 0.13974
1 0.0330995 -0.0167466 -5.41012e-05 -0.0247498 0.151891
1 0.0318869 -0.0195312 0.000245449 -0.0144714 0.0893703
1 0.0331571 -0.0251188 6.68973e-05 0.00374392 -0.034093
1 0.00192219 0.146247 0.00110307 -0.015314 -0.0182469
1 0.0322313 -0.0205608 0.00187195 -0.015966 0.102427
1 -0.0833467 -0.0223662 0.184054 -0.0357541 -0.0101953
1 0.0331144 -0.0251051 -0.00161414 0.00428263 -0.0491395
1 -0.0776934 -0.0220949 -0.0869422 -0.0357963 -0.00630139
1 0.0293169 -0.0198816 0.00121182 -0.0024045 -0.0115665
1 0.0345288 -0.0242646 0.00244982 0.00240987 -0.0377473
1 0.0348964 -0.0250365 0.000685758 0.00817002 -0.0635392
1 -0.0807036 -0.0194809 0.152031 -0.0156678 -0.00576286
1 0.0297078 -0.022311 0.00430104 0.000864486 0.0111978
1 0.0256698 -0.0191738 0.00702466 -0.00470412 0.0207057
1 0.0221542 -0.0138328 0.00724701 -0.0167717 0.0846753
1 -0.0828694 -0.0233374 -0.0955781 -0.0355522 -0.00940592
1 0.0359099 -0.0224603 0.00107441 6.75744e-05 -0.0276054
1 0.0267283 -0.0220306 -0.00193585 0.00679767 -0.0409782
1 0.0336134 -0.0185925 -0.000413172 -0.00778773 0.0335002
1 -0.0771268 -0.0186452 0.00475496 0.011464 0.00397721
1 0.0354182 -0.0232876 0.000838359 0.00711715 -0.0632889
1 0.0328001 -0.0241301 4.72736e-05 0.00849803 -0.0550354
1 0.0305997 -0.017979 -5.07222e-05 -0.00672507 0.0354673
1 -0.0756093 -0.022296 -0.0856753 -0.0360864 -0.00749444
1 0.0291382 -0.0212954 0.00193629 0.00418627 -0.0423629
1 -0.0773423 -0.022358 0.159866 -0.0321774 0.00381883
1 0.00316447 0.109719 -0.00270997 -0.0371296 0.00508864
1 0.0258462 -0.017774 0.0053549 -0.00651662 0.0465326
1 0.0361744 -0.0244161 -0.00101733 0.00815752 -0.0549919
1 -0.0775348 -0.0168587 0.0912355 -0.00699199 -0.00288148
1 0.0351148 -0.0241378 0.000334377 0.00487477 -0.049764
1 0.0309566 -0.0245834 -0.00363684 0.00434762 -0.0729735
1 0.0339414 -0.0219557 -0.000656778 0.00528512 -0.0317962
1 -0.0767007 -0.0193231 -0.00083864 0.0109918 0.00312456
1 0.0323456 -0.0240056 -0.000999881 0.000758141 -0.0171788
1 -0.000221857 0.135393 -0.00313404 -0.0366298 -0.00648464
1 0.0337637 -0.0238947 -0.000318325 0.00758464 -0.0546653
1 -0.0753057 -0.0212024 -0.0868157 -0.0349637 -0.00591497
1 0.0296794 -0.0248613 0.0022644 0.00626934 -0.0549288
1 0.0193965 -0.014132 0.00860389 -0.0168917 0.0840103
1 0.032559 -0.0194169 -0.000240666 -0.00250338 -0.00237956
1 0.0318378 -0.0162429 0.00110481 -0.0073442 0.0318343
1 -0.0777248 -0.0192774 0.0193204 0.0130882 0.0041656
1 0.0310648 -0.0164715 0.000770789 -0.00638419 0.0405845
1 0.030405 -0.0180505 -0.000740688 -0.00669938 0.011418
1 -0.0804186 -0.0192493 0.143697 -0.0177028 -0.00604185
1 -0.0762486 -0.0192989 0.000565171 0.0125417 0.00456927
1 0.0341166 -0.0239424 -0.000303829 0.00238395 -0.0320699
1 0.0295258 -0.0209819 0.00188141 -0.0126956 0.0769149
1 0.0317553 -0.0243741 -0.000661746 0.00706435 -0.0795215
1 -0.0797426 -0.0189551 0.0111213 0.0155375 0.00486654
1 -0.0780086 -0.0210182 -0.0877402 -0.0344778 -0.00588444
1 0.0327075 -0.0239243 0.000150792 3.89329e-05 -0.0287382
1 0.0317753 -0.0209591 0.000440603 0.00275278 -0.0372497
1 0.0338843 -0.0216383 -0.00041011 -0.00251738 0.00810801
1 0.0341152 -0.0157083 0.00069236 0.00480992 -0.0313965
1 0.0333394 -0.0177261 0.000177268 -0.00278778 0.00552469
1 -0.0777602 -0.0197828 -0.0735863 -0.0269075 -0.00399349
1 -0.0798666 -0.0235606 -0.0944573 -0.0382404 -0.00470136
1 0.0322515 -0.0140313 0.00188349 0.00749794 -0.0431195
1 0.0226028 0.0380843 -0.00178723 -0.00465929 0.00507409
1 0.0321971 -0.018278 -0.000174248 0.00485815 -0.0339487
1 0.0268459 -0.0158506 -0.00226723 -0.00559159 0.0218571
1 -0.0796077 -0.0196038 0.0166466 0.013551 0.00367661
1 0.0336313 -0.0227969 0.000254745 0.00138385 -0.0310862
1 0.0292976 -0.0220737 0.00094279 -0.00234577 0.00588878
1 0.0273574 -0.0130363 -0.00119064 -0.00576248 0.0262066
1 -0.0778207 -0.0184545 0.00992978 0.0122861 0.00409896
1 -0.0726245 -0.019089 -0.00107965 0.00634473 0.00295118
