1 0.0286972
1 -0.0597929
1 -0.0623609
1 0.0334568
1 -0.0689458
1 0.0299117
1 -0.072423
1 0.0317796
1 0.0295821
1 -0.000684428
1 -0.0843612
1 0.0189136
1 0.0312799
1 -0.0680242
1 0.0335968
1 -0.0806929
1 0.0307341
1 0.0308201
1 0.0295949
1 0.0325032
1 0.0319532
1 0.0273464
1 -0.0736389
1 0.0291004
1 -0.0722496
1 -0.0751914
1 0.03335
1 0.0322507
1 -0.0815873
1 0.0150975
1 0.0313544
1 0.029875
1 0.022739
1 0.0244619
1 0.0312623
1 0.0342745
1 0.0294505
1 0.0345306
1 -0.0741268
1 0.0333746
1 0.0307491
1 0.0343706
1 0.0337797
1 0.0360471
1 0.0303679
1 0.0262963
1 -0.0763587
1 0.0323197
1 -0.0291805
1 0.0178478
1 0.0306701
1 0.0330178
1 0.032781
1 0.0345014
1 -0.00621847
1 0.0317259
1 0.0279206
1 -0.0546445
1 -0.00201686
1 0.0317794
1 -0.0772284
1 0.0290798
1 0.0287422
1 -0.0762718
1 0.0307896
1 0.024154
1 -0.0022455
1 0.0220427
1 0.0322693
1 0.0364373
1 0.0283019
1 0.0266526
1 0.0326467
1 0.0156382
1 -0.0782376
1 -0.0277194
1 0.0322462
1 0.0309294
1 0.0321405
1 0.0333782
1 0.0319577
1 -0.0750334
1 0.032134
1 -0.0750858
1 0.0324999
1 0.0334263
1 0.031578
1 0.0340851
1 0.0338969
1 -0.00342835
1 -0.0783022
1 -0.00479122
1 -0.0155421
1 -0.0730427
1 0.0312211
1 0.0336303
1 0.0353402
1 -0.083874
1 -0.0806315
1 0.0301174
1 0.0198003
1 0.00705462
1 0.0305196
1 0.0195025
1 0.0309769
1 -0.0823089
1 -0.0827443
1 0.0331139
1 0.0254729
1 0.0340512
1 0.0312543
1 0.0349495
1 0.0343693
1 -0.0791571
1 0.0320913
1 -0.0806992
1 0.0304355
1 -0.0815974
1 -0.0117683
1 -0.0623756
1 -0.0775836
1 -0.0731454
1 -0.072515
1 -0.0745673
1 -0.0847785
1 -0.0819682
1 0.0298307
1 0.0107442
1 -0.0812026
1 0.0343064
1 0.0332201
1 -0.0762344
1 0.0273078
1 0.0312049
1 0.031458
1 0.0336295
1 0.0314096
1 0.0319946
1 0.0307803
1 0.0128397
1 0.0317114
1 0.0255847
1 0.0333684
1 -0.0612817
1 0.0128164
1 0.0192928
1 0.0294462
1 0.0243954
1 0.0311635
1 -0.0822273
1 0.0251799
1 -0.0829874
1 0.0268629
1 0.0318067
1 0.0326323
1 0.032626
1 0.0336703
1 0.0325271
1 0.0323025
1 -0.0385
1 0.0272304
1 -0.0829706
1 -0.00975204
1 -0.0757623
1 0.0345652
1 0.0310279
1 0.0343605
1 0.0249534
1 0.0344486
1 -0.0816792
1 -0.0825692
1 -0.0798771
1 -0.0773557
1 -0.0776038
1 -0.00260472
1 -0.00132729
1 0.0358969
1 0.0269357
1 0.0322665
1 0.0299193
1 0.017374
1 -0.0822834
1 0.0314986
1 -0.0795637
1 -0.0841422
1 -0.0145171
1 -0.0808071
1 -0.00320763
1 -0.0264074
1 -0.00575095
1 -0.0711311
1 -0.0734726
1 -0.0725991
1 0.035229
1 -0.0711338
1 -0.0695461
1 -0.0720412
1 -0.071342
1 -0.0730584
1 -0.0626043
1 0.0312543
1 0.0304619
1 -0.0808771
1 -0.0811455
1 0.0323282
1 -0.00229627
1 -0.0758252
1 0.0172872
1 0.0280479
1 0.0351547
1 -0.0522024
1 -0.0525435
1 -0.0750274
1 -9.65276e-05
1 0.0330879
1 0.0034079
1 0.00105158
1 -0.0748875
1 -0.0759299
1 0.00247413
1 0.0332756
1 0.0340751
1 0.0352658
1 0.0340802
1 0.0323042
1 -0.000350463
1 -0.080517
1 0.0325545
1 0.0318546
1 0.0354912
1 0.0330747
1 -0.0740785
1 0.0256285
1 -0.0745147
1 -0.0744854
1 0.000440686
1 0.0288371
1 0.0298396
1 0.00194925
1 0.0295919
1 0.0201392
1 0.0335228
1 0.033257
1 -0.0717693
1 0.00132314
1 -0.000619488
1 0.00571306
1 -0.0433354
1 0.00105845
1 -0.0282615
1 -0.0244821
1 0.0156059
1 0.000348695
1 0.0296495
1 0.00175066
1 -0.0505747
1 -0.0506979
1 0.0327618
1 0.0353045
1 0.0342938
1 0.0356746
1 0.0313298
1 0.0198927
1 -0.0844213
1 -0.0833055
1 -0.0822808
1 -0.00184947
1 0.0338974
1 0.00328689
1 0.035781
1 0.030535
1 -0.0793471
1 0.0316597
1 0.00126246
1 0.00115589
1 -0.0741075
1 0.0318184
1 0.0288502
1 -0.00496319
1 0.000675953
1 0.0293756
1 0.0246075
1 0.0320788
1 0.0252886
1 0.0313876
1 0.0350402
1 0.0330388
1 0.0319436
1 0.0250222
1 0.0308011
1 0.00172399
1 0.033843
1 0.0296673
1 0.0306937
1 0.0330849
1 0.0292143
1 0.0330368
1 0.0318922
1 -0.000769813
1 0.0303115
1 -0.0737223
1 -0.0750922
1 0.0290085
1 0.00352588
1 0.0340898
1 0.0344592
1 0.00161826
1 0.00907864
1 0.00545815
1 0.031526
1 0.0221534
1 -0.0550115
1 -0.0016983
1 0.025575
1 0.0332966
1 0.0282305
1 0.0329142
1 0.0316137
1 0.0341902
1 -0.0749187
1 0.0319908
1 0.0010775
1 0.0329932
1 0.0338585
1 0.0308954
1 0.0293132
1 0.0330016
1 0.0294479
1 0.00142712
1 -0.0465461
1 0.00408205
1 0.0343787
1 0.0334358
1 -0.0471181
1 0.0326202
1 0.00402108
1 0.0311666
1 -0.0532817
1 -0.0829194
1 0.0343448
1 0.0348346
1 0.0302504
1 0.0344344
1 0.0326037
1 -0.0232288
1 -0.0129101
1 0.0267245
1 0.0276502
1 -0.0794976
1 0.0183668
1 -0.0809771
1 -0.0807163
1 -0.0775452
1 0.0315151
1 0.0279333
1 -0.00515307
1 0.00111268
1 0.0297389
1 0.027231
1 0.0327281
1 -0.0773742
1 0.0304799
1 0.0284013
1 0.0291927
1 -0.0757426
1 0.0290275
1 0.0328716
1 -0.00469144
1 -7.21005e-05
1 0.0338282
1 0.0342885
1 -0.0492771
1 -0.0472919
1 0.0335952
1 -0.0765457
1 0.0195151
1 0.030785
1 0.0335008
1 0.0359474
1 0.0347336
1 0.0361052
1 0.034433
1 0.0303052
1 0.0354307
1 0.0295941
1 -0.000815
1 0.0364749
1 0.0344758
1 0.0342278
1 0.0329407
1 0.0368377
1 0.0307879
1 0.0307092
1 0.0317644
1 0.0332586
1 0.0356386
1 0.0313173
1 -0.0474581
1 0.00725252
1 0.0265296
1 0.0317773
1 0.0298773
1 0.0264498
1 0.0327589
1 0.0329098
1 0.0335319
1 0.0334015
1 0.0317316
1 -0.0488501
1 0.0331904
1 0.0331749
1 -0.0795096
1 0.0327478
1 0.0306067
1 0.0289736
1 0.0333729
1 0.0325908
1 -0.000737965
1 0.0272677
1 -0.0784062
1 0.0322385
1 0.0327449
1 -0.0769223
1 0.0308084
1 0.0304559
1 0.0254181
1 0.0346563
1 -0.0779654
1 -0.0786252
1 0.0320837
1 0.0332642
1 0.0330995
1 0.0318869
1 0.0331571
1 0.00192219
1 0.0322313
1 -0.0833467
1 0.0331144
1 -0.0776934
1 0.0293169
1 0.0345288
1 0.0348964
1 -0.0807036
1 0.0297078
1 0.0256698
1 0.0221542
1 -0.0828694
1 0.0359099
1 0.0267283
1 0.0336134
1 -0.0771268
1 0.0354182
1 0.0328001
1 0.0305997
1 -0.0756093
1 0.0291382
1 -0.0773423
1 0.00316447
1 0.0258462
1 0.0361744
1 -0.0775348
1 0.0351148
1 0.0309566
1 0.0339414
1 -0.0767007
1 0.0323456
1 -0.000221857
1 0.0337637
1 -0.0753057
1 0.0296794
1 0.0193965
1 0.032559
1 0.0318378
1 -0.0777248
1 0.0310648
1 0.030405
1 -0.0804186
1 -0.0762486
1 0.0341166
1 0.0295258
1 0.0317553
1 -0.0797426
1 -0.0780086
1 0.0327075
1 0.0317753
1 0.0338843
1 0.0341152
1 0.0333394
1 -0.0777602
1 -0.0798666
1 0.0322515
1 0.0226028
1 0.0321971
1 0.0268459
1 -0.0796077
1 0.0336313
1 0.0292976
1 0.0273574
1 -0.0778207
1 -0.0726245
